01000001010000010000000000000110
00100000001000000000000000000000
01000000010011000000000000000010
00000101010000100000000000001010
00010100000000010000000101000000
01000100011000010000000101001011
01001000100000010000000101001010
01000000101001000000000000001100
01100100001001010000000000000000
10000100110000000000000000000000
10000000111000000000000000000000
01000000010000100000000000000010
00011000000000000000000000000000
00000000000000000000000000001010
00000000000000000000000000000111
00000000000000000000000000000000
11111111111111111111111111110110
00000000000000000000000000000010
00000000000000000000000000000000
00000000000000000000000000000000
00000000000000000000000000000000
00000000000000000000000000000111
00000000000000000000000000001001
00000000000000000000000000000001
00000000000000000000000000000000
11111111111111111111111111111111
00000000000000000000000000000001
11111111111111111111111111111111
00000000000000000000000000000000
