00010100101000010000000101000100
00010100000000100000000101000000
00101000011000010001000000000000
00101100100000010001100000000000
00110000100001000001100000000000
00110100011000010010000000000000
00001100100000000000000000000010
01100000011001000000000000000000
10000100110000000000000000000000
00010000101001100000000101010100
00011000000000000000000000000000
00000000000000000000000000001010
00000000000000000000000000000111
11111111111111111111111111111111
00000000000000000000000000000000
11111111111111111111111111111111
00000000000000000000000000000000
00000000000000000000000000000000
11111111111111111111111111111101
00000000000000000000000000001010
00000000000000000000000000000111
00000000000000000000000000000000
11111111111111111111111111111100
00000000000000000000000000000000
00000000000000000000000000000000
00000000000000000000000000000000
00000000000000000000000000000000
