00100000001000000000000000000000
00100000110000000000000000000000
01000000010000000000000000000011
00000100001000100000000000001010
00010100110000110000000100111100
00010100110001000000000101001100
01100000011001000000000000000000
10000100101000000000000000000000
00001100101000000000000000000001
01000000101001010000000000001100
00010000110001010000000101011100
01000000001000010000000000000001
01000000110001100000000000000100
00000000000000000000000001000011
00011000000000000000000000000000
11111111111111111111111111111111
11111111111111111111111111111110
11111111111111111111111111111101
00000000000000000000000000000001
00000000000000000000000000000010
00000000000000000000000000000100
11111111111111111111111111111100
00000000000000000000000000001010
00000000000000000000000000000111
00000000000000000000000000001001
00000000000000000000000000000001
00000000000000000000000000000000
11111111111111111111111111111111
00000000000000000000000000000001
11111111111111111111111111111111
00000000000000000000000000000000
